         1        0.000000
         2        0.000000
         3        0.000000
         4        0.000000
         5        0.000000
         6        0.000000
         7        0.027299
         8        0.000000
         9        0.000000
        10        0.217339
        11        0.002249
        12        0.072138
        13        0.003578
        14        0.000001
        15        0.000000
        16        0.000000
        17        0.147755
        18        0.012909
        19        0.000000
        20        0.000000
        21        0.000000
        22        0.001144
        23        0.000000
        24        0.000000
        25        0.000000
        26        0.000000
        27        0.216032
        28        0.000009
        29        0.194022
        30        0.008515
        31        0.000000
        32        0.071430
        33        0.010792
        34        0.000061
        35        0.252640
        36        0.034845
        37        0.007412
        38        0.154397
        39        0.019912
        40        0.484396
        41        0.014590
        42        0.244244
        43        0.001774
        44        0.319201
        45        0.203462
        46        0.220253
        47        0.001413
        48        0.054691
        49        0.335664
        50        0.467907
        51        0.250621
        52        0.291344
        53        0.304962
        54        0.000011
        55        0.167586
        56        0.085576
        57        0.301195
        58        0.130455
        59        0.010972
        60        0.380549
        61        0.125114
        62        0.267174
        63        0.000236
        64        0.388608
        65        0.101804
        66        0.220216
        67        0.258879
        68        0.238446
        69        0.011944
        70        0.588590
        71        0.471788
        72        0.393623
        73        0.304804
        74        0.138903
        75        0.057240
        76        0.358038
        77        0.616283
        78        0.550067
        79        0.331945
        80        0.000000
        81        0.001109
        82        0.672461
        83        0.305632
        84        0.000045
        85        0.006309
        86        0.727162
        87        0.374959
        88        0.250092
        89        0.646092
        90        0.351372
        91        0.248314
        92        0.186989
        93        0.160895
        94        0.432825
        95        0.545748
        96        0.198314
        97        0.079415
        98        0.229126
        99        0.210934
       100        0.006166
       101        0.064598
       102        1.141856
       103        0.676513
       104        0.261436
       105        0.617703
       106        0.572992
       107        0.816853
       108        0.219525
       109        0.048258
       110        1.136610
       111        1.042179
       112        0.744686
       113        0.012811
       114        0.000461
       115        0.091247
       116        0.505658
       117        1.228758
       118        0.159906
       119        0.329220
       120        0.009607
       121        0.421883
       122        0.904512
       123        0.008898
       124        0.178393
       125        0.038508
       126        0.696398
       127        0.480439
       128        0.422909
       129        0.608139
       130        0.275339
       131        0.049306
       132        0.529967
       133        0.561736
       134        0.804185
       135        0.835758
       136        0.537742
       137        0.302075
       138        0.302331
       139        0.372984
       140        0.901997
       141        0.486845
       142        0.696686
       143        0.573057
       144        1.171896
       145        0.671859
       146        1.094237
       147        0.783531
       148        0.490089
       149        0.823583
       150        1.155712
       151        0.609845
       152        0.558517
       153        1.112110
       154        0.863162
       155        0.316396
       156        0.931580
       157        0.600770
       158        0.523635
       159        0.391729
       160        0.497004
       161        0.817819
       162        0.864373
       163        0.773289
       164        0.361919
       165        0.697979
       166        1.372765
       167        0.295835
       168        0.215012
       169        0.490999
       170        0.924586
       171        0.881470
       172        1.039339
       173        0.297145
       174        0.728495
       175        0.750669
       176        0.883060
       177        0.189626
       178        0.417244
       179        0.437399
       180        0.953272
       181        0.981478
       182        0.969168
       183        0.551286
       184        0.454242
       185        0.291525
       186        1.071670
       187        0.926407
       188        1.751508
       189        0.640339
       190        0.223806
       191        0.140876
       192        0.829731
       193        1.245439
       194        1.201076
       195        0.539741
       196        0.620943
       197        0.597001
       198        0.951800
       199        2.076842
       200        0.906102
       201        0.289977
       202        0.737867
       203        1.773596
       204        0.497036
       205        0.954477
       206        0.473812
       207        0.227575
       208        0.330568
       209        0.337887
       210        1.760374
       211        0.687777
       212        1.943063
       213        0.891456
       214        1.122886
       215        1.145470
       216        1.267695
       217        1.092528
       218        0.920274
       219        0.696978
       220        1.228258
       221        1.696019
       222        0.632249
       223        0.563985
       224        0.685325
       225        1.094333
       226        1.905803
       227        0.884175
       228        2.172523
       229        0.976999
       230        0.572602
       231        1.015298
       232        0.856734
       233        0.794847
       234        0.559895
       235        0.382420
       236        0.337530
       237        1.209651
       238        0.982209
       239        0.827458
       240        0.411369
       241        0.162752
       242        0.540506
       243        0.646168
       244        0.338456
       245        1.201758
       246        0.600478
       247        0.846881
       248        0.109407
       249        0.241764
       250        0.583147
       251        0.734137
       252        0.452391
       253        0.709132
       254        1.210779
       255        0.665054
       256        0.399942
       257        0.437989
       258        0.172506
       259        1.034563
       260        0.605829
       261        1.417208
       262        0.536629
       263        0.385257
       264        1.511081
       265        1.139697
       266        1.338781
       267        1.122150
       268        0.992285
       269        1.274717
       270        0.784729
       271        0.844063
       272        1.224722
       273        0.650414
       274        0.996265
       275        0.906722
       276        0.596404
       277        0.682708
       278        0.785649
       279        1.066244
       280        0.583226
       281        0.765696
       282        0.051653
       283        0.288519
       284        0.262756
       285        0.360106
       286        0.330243
       287        0.120586
       288        0.444124
       289        0.935297
       290        0.599626
       291        0.535166
       292        0.323189
       293        0.102353
       294        1.139780
       295        0.806792
       296        0.606590
       297        0.332040
       298        0.869240
       299        1.295087
       300        0.808116
       301        0.654202
       302        1.087584
       303        1.001425
       304        1.458458
       305        0.457076
       306        1.107744
       307        0.886232
       308        1.075132
       309        1.098340
       310        0.604264
       311        1.336704
       312        0.969274
       313        0.468113
       314        1.225321
       315        0.532140
       316        1.361497
       317        0.852931
       318        0.361799
       319        0.647900
       320        0.239687
       321        0.458417
       322        0.400702
       323        0.448149
       324        1.199182
       325        0.696155
       326        0.726621
       327        0.472393
       328        1.330147
       329        1.042365
       330        2.141345
       331        1.474917
       332        0.997748
       333        0.770482
       334        0.794969
       335        1.235400
       336        1.155154
       337        1.473931
       338        1.222318
       339        1.303433
       340        1.001319
       341        2.114325
       342        1.222980
       343        0.768802
       344        0.726132
       345        1.979133
       346        1.907752
       347        3.003405
       348        0.575800
       349        0.677543
       350        1.269077
       351        2.375724
       352        3.474460
       353        2.472492
       354        1.094185
       355        1.346697
       356        1.596122
       357        1.612482
       358        1.058383
       359        0.983743
       360        0.205595
       361        0.841225
       362        0.671883
       363        1.157081
       364        1.066629
       365        1.217723
       366        0.954761
       367        0.478316
       368        1.071507
       369        0.661250
       370        0.522031
       371        0.736505
       372        1.586227
       373        1.626013
       374        0.439691
       375        1.084760
       376        1.027508
       377        2.397161
       378        2.002132
       379        1.334052
       380        1.487104
       381        0.406677
       382        1.078643
       383        1.854304
       384        1.332733
       385        1.828993
       386        1.400222
       387        1.662403
       388        1.769543
       389        1.409591
       390        1.492282
       391        1.004641
       392        1.515381
       393        0.992924
       394        1.894864
       395        1.640775
       396        0.629384
       397        1.044907
       398        1.129138
       399        0.993150
       400        0.531521
       401        1.171419
       402        2.371580
       403        2.412495
       404        2.131964
       405        1.725879
       406        1.942420
       407        3.049142
       408        1.871168
       409        1.888898
       410        1.609390
       411        2.109687
       412        2.754139
       413        1.650929
       414        1.491612
       415        1.560633
       416        1.240738
       417        2.647959
       418        0.842792
       419        1.605895
       420        1.163723
       421        1.347426
       422        0.978935
       423        1.279276
       424        0.739304
       425        0.335228
       426        0.895317
       427        1.133332
       428        0.763810
       429        1.070235
       430        0.813418
       431        0.525913
       432        1.850514
       433        0.770606
       434        0.366782
       435        1.465236
       436        1.692844
       437        1.446201
       438        1.452849
       439        1.238875
       440        1.829057
       441        1.127217
       442        1.483292
       443        1.533499
       444        1.081643
       445        1.831648
       446        1.017607
       447        1.212136
       448        0.509684
       449        0.533685
       450        1.078572
       451        1.484111
       452        1.252358
       453        1.532874
       454        2.052176
       455        0.912993
       456        0.797084
       457        2.246799
       458        3.466563
       459        2.886716
       460        1.971178
       461        2.284140
       462        1.118001
       463        1.499322
       464        1.013643
       465        2.401031
       466        1.338526
       467        2.635424
       468        2.337442
       469        2.581184
       470        0.938463
       471        1.751309
       472        2.078449
       473        1.642264
       474        1.924262
       475        1.600833
       476        1.535628
       477        1.328743
       478        2.939143
       479        2.128529
       480        1.953940
       481        2.377256
       482        2.029291
       483        1.960378
       484        1.831813
       485        2.111711
       486        1.615072
       487        1.821780
       488        1.890228
       489        1.530237
       490        0.787857
       491        2.303760
       492        1.344465
       493        1.931311
       494        0.669813
       495        0.521190
       496        1.717949
       497        2.823049
       498        2.759372
       499        2.797221
       500        1.422742
       501        1.501737
       502        1.862598
       503        1.092575
       504        2.254325
       505        2.458545
       506        1.151227
       507        1.113902
       508        0.837489
       509        0.873712
       510        1.912094
       511        2.672165
       512        1.753388
       513        1.506738
       514        1.606569
       515        2.141618
       516        1.215441
       517        1.992820
       518        1.877972
       519        1.860348
       520        1.681902
       521        2.179842
       522        1.107111
       523        1.119567
       524        1.810462
       525        0.653652
       526        2.097211
       527        3.568801
       528        2.194088
       529        1.692018
       530        1.282976
       531        2.798570
       532        2.234928
       533        2.637985
       534        2.155667
       535        2.128617
       536        2.605308
       537        2.301209
       538        1.790000
       539        2.233405
       540        2.263270
       541        1.846605
       542        2.704008
       543        2.077762
       544        2.134842
       545        1.369360
       546        0.929878
       547        0.987680
       548        1.429673
       549        0.298746
       550        0.668836
       551        0.574375
       552        1.810159
       553        1.502162
       554        1.846982
       555        1.205777
       556        1.187642
       557        2.230269
       558        2.598224
       559        2.333831
       560        1.156707
       561        1.826619
       562        2.286353
       563        1.973507
       564        1.294174
       565        1.107284
       566        2.116144
       567        1.668113
       568        2.191900
       569        1.582957
       570        1.859384
       571        2.267044
       572        2.511825
       573        2.568382
       574        3.245047
       575        2.017420
       576        2.323891
       577        2.054143
       578        1.373435
       579        2.491342
       580        2.464149
       581        1.355794
       582        0.949480
       583        1.281780
       584        1.916577
       585        1.580444
       586        1.463894
       587        1.487166
       588        2.340894
       589        2.743344
       590        1.810859
       591        2.187769
       592        1.860394
       593        2.698718
       594        2.802895
       595        2.143319
       596        3.048783
       597        1.761429
       598        2.662902
       599        3.272617
       600        1.584783
       601        2.009737
       602        3.363036
       603        2.239548
       604        3.368817
       605        3.057051
       606        1.746198
       607        1.356526
       608        1.603168
       609        2.150530
       610        1.864953
       611        2.348561
       612        1.740001
       613        1.515043
       614        2.708462
       615        2.038778
       616        2.568636
       617        1.453687
       618        2.619769
       619        2.048037
       620        1.480222
       621        1.510450
       622        2.788077
       623        1.043696
       624        3.290494
       625        1.845851
       626        2.289559
       627        1.806392
       628        1.966735
       629        1.697106
       630        1.870416
       631        2.430462
       632        2.149098
       633        2.568654
       634        3.347504
       635        2.397301
       636        2.527615
       637        1.808623
       638        2.241024
       639        2.162227
       640        1.457767
       641        1.829021
       642        1.892980
       643        2.836473
       644        2.682857
       645        2.250207
       646        1.969695
       647        2.886527
       648        2.630241
       649        1.991867
       650        3.033237
       651        3.028072
       652        2.646440
       653        2.431389
       654        2.651910
       655        2.556251
       656        2.797157
       657        1.909772
       658        4.015086
       659        2.053132
       660        2.428924
       661        3.050664
       662        2.148819
       663        2.881306
       664        1.823008
       665        1.809156
       666        2.556303
       667        3.006231
       668        1.634938
       669        2.376095
       670        3.004533
       671        3.439360
       672        2.874721
       673        4.012702
       674        3.211705
       675        3.933698
       676        3.127523
       677        2.556351
       678        3.740896
       679        2.902916
       680        2.254223
       681        2.257626
       682        3.056125
       683        1.383399
       684        1.219905
       685        2.615227
       686        4.040891
       687        2.449767
       688        1.642597
       689        3.194638
       690        2.085759
       691        2.710569
       692        2.654720
       693        1.925878
       694        2.659642
       695        2.559449
       696        2.222088
       697        1.804431
       698        2.822824
       699        1.278615
       700        3.124069
       701        1.711947
       702        2.025899
       703        1.651591
       704        1.729159
       705        1.980817
       706        2.116444
       707        3.158296
       708        2.674060
       709        3.917349
       710        1.633843
       711        3.170377
       712        3.554196
       713        4.319789
       714        1.832025
       715        2.918003
       716        2.881644
       717        3.614299
       718        4.907532
       719        4.210230
       720        2.617624
       721        2.298824
       722        3.017337
       723        2.396301
       724        2.466208
       725        2.688734
       726        2.576809
       727        2.278645
       728        1.918969
       729        3.006949
       730        3.117165
       731        2.941061
       732        2.659984
       733        2.958279
       734        3.159075
       735        4.122330
       736        4.140203
       737        3.826423
       738        3.730458
       739        2.458130
       740        2.639997
       741        2.900271
       742        4.283253
       743        3.418165
       744        4.070636
       745        2.480431
       746        3.021143
       747        3.934217
       748        2.326607
       749        2.086024
       750        2.495604
       751        3.314745
       752        3.507890
       753        2.399251
       754        2.911451
       755        2.644471
       756        1.642914
       757        2.699470
       758        2.811875
       759        2.101209
       760        2.336907
       761        3.945102
       762        2.363337
       763        1.449468
       764        2.168080
       765        3.271434
       766        2.003183
       767        2.174484
       768        1.613781
       769        2.377763
       770        1.511194
       771        3.100890
       772        1.941195
       773        1.360872
       774        1.900433
       775        1.050134
       776        1.923719
       777        1.354309
       778        2.121641
       779        1.672323
       780        2.932078
       781        1.832762
       782        2.419954
       783        1.197222
       784        2.925071
       785        1.972101
       786        1.922453
       787        2.908002
       788        2.791661
       789        1.455363
       790        2.460859
       791        2.654431
       792        2.266016
       793        1.903571
       794        2.521589
       795        2.635715
       796        2.425992
       797        3.272658
       798        3.617424
       799        3.781580
       800        3.078720
       801        5.321028
       802        5.594085
       803        4.069045
       804        2.702541
       805        5.117301
       806        4.041441
       807        3.508266
       808        2.441581
       809        3.807298
       810        4.331170
       811        2.843341
       812        2.091726
       813        2.833032
       814        4.165658
       815        4.527374
       816        3.055443
       817        3.377489
       818        3.268598
       819        2.894029
       820        2.670819
       821        2.837445
       822        3.067151
       823        1.390315
       824        1.696702
       825        2.108669
       826        1.180274
       827        1.903499
       828        3.324572
       829        2.789017
       830        2.462919
       831        2.275831
       832        2.968535
       833        2.936125
       834        1.699285
       835        1.894616
       836        2.819426
       837        3.328755
       838        1.558947
       839        2.243673
       840        1.674458
       841        2.773237
       842        4.316844
       843        4.195265
       844        3.842986
       845        3.935896
       846        3.355939
       847        3.659851
       848        2.953590
       849        3.496075
       850        3.153874
       851        3.462276
       852        3.475538
       853        3.214643
       854        3.237084
       855        2.631965
       856        3.658556
       857        2.479426
       858        1.461250
       859        1.621739
       860        2.953867
       861        2.517129
       862        1.631474
       863        2.546925
       864        3.017559
       865        2.624077
       866        3.561018
       867        2.213037
       868        2.211693
       869        4.837326
       870        2.802825
       871        2.862036
       872        2.634308
       873        3.047397
       874        2.875539
       875        1.809005
       876        2.618289
       877        3.562585
       878        3.488675
       879        2.673240
       880        3.518661
       881        4.539327
       882        4.130121
       883        4.852118
       884        3.337030
       885        4.345372
       886        2.791907
       887        1.817706
       888        2.745958
       889        2.909142
       890        2.673508
       891        3.251248
       892        4.143808
       893        4.414484
       894        3.014987
       895        4.289386
       896        4.043306
       897        4.124461
       898        3.447457
       899        5.026029
       900        4.897212
       901        1.993343
       902        1.911179
       903        3.814737
       904        2.944852
       905        2.334066
       906        1.393568
       907        0.969215
       908        2.300962
       909        3.800796
       910        3.172276
       911        2.633448
       912        2.691503
       913        3.200405
       914        4.700261
       915        3.529004
       916        3.622085
       917        3.167306
       918        4.525212
       919        2.698711
       920        3.768670
       921        2.358731
       922        2.735861
       923        3.471485
       924        2.122945
       925        2.641746
       926        2.571649
       927        2.051721
       928        4.592984
       929        2.246859
       930        4.997986
       931        3.611553
       932        2.476244
       933        3.890497
       934        5.089744
       935        5.374593
       936        4.168910
       937        5.096914
       938        4.494941
       939        4.527118
       940        3.383957
       941        4.637143
       942        2.096901
       943        3.673162
       944        2.717381
       945        3.312165
       946        2.956264
       947        3.386310
       948        3.156084
       949        3.167134
       950        3.398514
       951        4.488462
       952        3.454907
       953        3.766630
       954        1.860768
       955        2.721927
       956        3.357821
       957        3.504384
       958        3.803020
       959        3.635156
       960        2.625109
       961        4.626669
       962        4.647205
       963        4.846251
       964        5.115153
       965        5.039556
       966        3.642241
       967        4.676629
       968        4.299295
       969        3.730182
       970        3.647635
       971        3.230814
       972        3.070407
       973        3.387131
       974        3.696617
       975        4.035455
       976        2.361978
       977        2.982267
       978        3.957689
       979        3.206301
       980        4.195740
       981        3.300767
       982        1.645866
       983        2.770858
       984        3.001998
       985        3.575669
       986        3.174805
       987        2.310431
       988        3.786373
       989        3.548905
       990        5.702941
       991        2.658366
       992        3.062604
       993        3.806697
       994        4.274430
       995        2.977605
       996        5.331847
       997        5.044650
       998        4.883332
       999        3.836179
      1000        5.381030
      1001        5.204291
      1002        3.006558
      1003        3.328737
      1004        3.173443
      1005        2.941799
      1006        3.453649
      1007        4.537242
      1008        4.333560
      1009        3.603132
      1010        3.414050
      1011        2.631997
      1012        4.243350
      1013        3.551259
      1014        3.830338
      1015        4.536383
      1016        2.457013
      1017        3.435029
      1018        3.042924
      1019        3.352841
      1020        2.985390
      1021        3.008283
      1022        3.390462
      1023        3.835508
      1024        2.402936
      1025        3.161296
      1026        4.056567
      1027        3.104512
      1028        5.320879
      1029        4.668768
      1030        3.926074
      1031        4.049342
      1032        2.465616
      1033        4.098986
      1034        3.747358
      1035        3.183674
      1036        4.554564
      1037        3.789189
      1038        3.055333
      1039        3.455378
      1040        4.855889
      1041        4.133114
      1042        4.157280
      1043        3.381297
      1044        2.011060
      1045        3.328721
      1046        4.227103
      1047        3.927122
      1048        3.264591
      1049        3.260607
      1050        5.293754
      1051        3.411058
      1052        4.305611
      1053        4.426120
      1054        3.956435
      1055        4.697849
      1056        3.568519
      1057        4.212625
      1058        3.201142
      1059        4.315433
      1060        4.062465
      1061        4.583350
      1062        3.563231
      1063        3.465433
      1064        4.763120
      1065        3.418553
      1066        5.406348
      1067        3.620680
      1068        5.296067
      1069        4.915604
      1070        4.661527
      1071        4.884410
      1072        1.857665
      1073        2.024412
      1074        4.601779
      1075        3.324361
      1076        4.581380
      1077        4.167057
      1078        4.563288
      1079        3.109858
      1080        3.949338
      1081        3.673141
      1082        3.786836
      1083        3.695617
      1084        4.380913
      1085        3.538981
      1086        2.988448
      1087        4.838530
      1088        3.560846
      1089        5.342791
      1090        3.958282
      1091        4.468113
      1092        4.433080
      1093        5.264616
      1094        4.697392
      1095        2.888343
      1096        5.336048
      1097        4.949707
      1098        4.688187
      1099        4.510791
      1100        2.921283
      1101        4.575383
      1102        5.459870
      1103        5.360512
      1104        5.342630
      1105        3.391064
      1106        4.008838
      1107        3.302698
      1108        4.095744
      1109        3.565080
      1110        3.200466
      1111        4.239657
      1112        4.808044
      1113        4.485745
      1114        3.246444
      1115        3.952358
      1116        3.618692
      1117        5.637395
      1118        5.173776
      1119        4.266063
      1120        4.015159
      1121        5.958070
      1122        5.488341
      1123        4.329697
      1124        5.026038
      1125        4.645155
      1126        5.452316
      1127        6.688626
      1128        4.091346
      1129        4.416719
      1130        4.192386
      1131        5.594900
      1132        5.329465
      1133        4.054765
      1134        5.111489
      1135        4.422156
      1136        2.601733
      1137        4.273207
      1138        4.059711
      1139        5.596611
      1140        3.254034
      1141        2.818254
      1142        4.582176
      1143        3.282441
      1144        3.900253
      1145        2.590822
      1146        2.661140
      1147        3.224147
      1148        3.349412
      1149        3.405262
      1150        3.394181
      1151        3.625310
      1152        4.037266
      1153        2.907364
      1154        2.880593
      1155        4.487197
      1156        4.544201
      1157        3.483316
      1158        2.766921
      1159        4.107184
      1160        3.701506
      1161        4.433059
      1162        3.064582
      1163        3.812682
      1164        3.755798
      1165        2.799286
      1166        2.613806
      1167        2.588297
      1168        2.438234
      1169        2.266942
      1170        1.097472
      1171        1.739286
      1172        3.031471
      1173        1.127378
      1174        3.293250
      1175        3.673843
      1176        2.917475
      1177        3.178290
      1178        2.507199
      1179        2.692611
      1180        2.664386
      1181        3.777114
      1182        4.749110
      1183        3.155892
      1184        4.265367
      1185        3.201514
      1186        3.079328
      1187        3.159027
      1188        4.148726
      1189        4.361958
      1190        2.131641
      1191        1.468261
      1192        3.730790
      1193        3.517183
      1194        3.497675
      1195        3.151932
      1196        4.005301
      1197        3.060611
      1198        1.952919
      1199        3.766149
      1200        1.816305
      1201        1.488606
      1202        3.343122
      1203        4.083176
      1204        4.021842
      1205        3.590433
      1206        5.089394
      1207        3.386858
      1208        3.665248
      1209        2.931977
      1210        4.172100
      1211        4.549005
      1212        3.318815
      1213        3.827870
      1214        4.419594
      1215        3.392651
      1216        4.187438
      1217        4.267556
      1218        4.428068
      1219        3.915903
      1220        3.677184
      1221        2.070170
      1222        3.821145
      1223        3.208759
      1224        3.942171
      1225        2.528532
      1226        2.989445
      1227        3.234360
      1228        3.549728
      1229        2.926662
      1230        3.458600
      1231        3.946321
      1232        5.022371
      1233        3.389574
      1234        3.894809
      1235        3.851685
      1236        4.356298
      1237        4.127799
      1238        4.294433
      1239        3.302513
      1240        4.681310
      1241        5.003214
      1242        6.141545
      1243        6.215752
      1244        5.493553
      1245        3.228088
      1246        6.232122
      1247        3.976414
      1248        4.767303
      1249        3.508242
      1250        5.387751
      1251        3.360677
      1252        3.509391
      1253        3.674895
      1254        2.520858
      1255        4.946959
      1256        4.757870
      1257        5.736799
      1258        4.809591
      1259        6.301745
      1260        4.837221
      1261        3.668755
      1262        5.052474
      1263        3.094383
      1264        4.023950
      1265        2.824682
      1266        2.847500
      1267        4.445690
      1268        3.494448
      1269        5.883905
      1270        5.735723
      1271        4.714062
      1272        6.050446
      1273        5.169162
      1274        5.092702
      1275        5.939071
      1276        4.871066
      1277        5.607241
      1278        3.744566
      1279        5.683542
      1280        2.992580
      1281        4.336460
      1282        3.812802
      1283        4.414140
      1284        5.343957
      1285        4.627558
      1286        5.121018
      1287        5.510654
      1288        4.846895
      1289        5.057790
      1290        6.052021
      1291        4.235941
      1292        5.623683
      1293        4.340670
      1294        4.610371
      1295        3.987112
      1296        2.845346
      1297        6.563418
      1298        4.420965
      1299        4.715205
      1300        5.358349
      1301        6.207536
      1302        7.989254
      1303        4.930999
      1304        7.173910
      1305        5.940736
      1306        4.833969
      1307        4.381146
      1308        3.650316
      1309        6.148893
      1310        4.310376
      1311        5.894853
      1312        5.381604
      1313        4.042366
      1314        5.068785
      1315        4.375948
      1316        4.903057
      1317        4.731277
      1318        3.965421
      1319        5.981884
      1320        6.440404
      1321        4.925973
      1322        5.323817
      1323        4.807891
      1324        4.192522
      1325        3.993498
      1326        4.373107
      1327        5.177775
      1328        4.501047
      1329        3.437198
      1330        6.785333
      1331        4.070663
      1332        4.906094
      1333        5.453783
      1334        4.157146
      1335        3.582019
      1336        4.220822
      1337        4.272943
      1338        5.266042
      1339        5.503117
      1340        5.251371
      1341        5.705739
      1342        6.723026
      1343        4.661185
      1344        4.296553
      1345        3.378945
      1346        4.251801
      1347        4.919800
      1348        3.256028
      1349        3.649757
      1350        3.402900
      1351        1.709125
      1352        3.684855
      1353        2.965257
      1354        4.722928
      1355        4.367975
      1356        6.304708
      1357        3.810390
      1358        3.496119
      1359        3.562919
      1360        2.564228
      1361        3.831222
      1362        4.937946
      1363        3.798389
      1364        2.501482
      1365        3.518629
      1366        3.896340
      1367        4.590702
      1368        4.531363
      1369        4.499355
      1370        3.330143
      1371        5.030419
      1372        4.690463
      1373        3.782176
      1374        4.070649
      1375        3.815174
      1376        4.795149
      1377        2.927675
      1378        2.911041
      1379        3.551033
      1380        4.313752
      1381        4.119921
      1382        5.297585
      1383        6.108841
      1384        4.347867
      1385        6.569360
      1386        5.697684
      1387        7.400953
      1388        4.664001
      1389        5.445183
      1390        5.124088
      1391        6.144142
      1392        6.100537
      1393        6.126419
      1394        5.831105
      1395        6.623486
      1396        7.585461
      1397        5.424993
      1398        4.469267
      1399        4.855463
      1400        7.292654
      1401        6.242860
      1402        6.730274
      1403        4.868357
      1404        6.283192
      1405        5.838385
      1406        7.254448
      1407        7.251666
      1408        4.431210
      1409        3.830565
      1410        5.912153
      1411        3.890606
      1412        4.483657
      1413        2.339459
      1414        3.704854
      1415        2.415688
      1416        5.019374
      1417        4.668630
      1418        3.904413
      1419        5.200823
      1420        5.097352
      1421        3.035503
      1422        4.955790
      1423        4.832237
      1424        5.174516
      1425        4.811348
      1426        2.867155
      1427        4.487197
      1428        3.900665
      1429        3.077116
      1430        2.616482
      1431        2.848099
      1432        3.092214
      1433        4.213019
      1434        3.866910
      1435        3.612591
      1436        4.531010
      1437        3.935863
      1438        4.599380
      1439        3.925494
      1440        5.650336
      1441        4.384131
      1442        4.247703
      1443        4.578238
      1444        3.964548
      1445        5.693539
      1446        5.987027
      1447        4.702997
      1448        4.683831
      1449        2.755659
      1450        4.212046
      1451        3.959689
      1452        5.401973
      1453        3.675287
      1454        3.537607
      1455        4.844567
      1456        4.722740
      1457        3.705555
      1458        4.738032
      1459        6.429511
      1460        6.393300
      1461        6.396696
      1462        5.946810
      1463        2.955611
      1464        4.998408
      1465        4.233173
      1466        4.673573
      1467        4.823099
      1468        5.693480
      1469        3.283611
      1470        3.733815
      1471        5.081215
      1472        3.417576
      1473        5.311503
      1474        6.226641
      1475        6.784403
      1476        3.643222
      1477        4.482999
      1478        5.626618
      1479        5.049297
      1480        4.802192
      1481        5.694618
      1482        5.028492
      1483        7.104863
      1484        7.680150
      1485        7.980021
      1486        7.674802
      1487        5.000663
      1488        5.831622
      1489        6.472861
      1490        4.606152
      1491        5.546497
      1492        3.865520
      1493        4.849093
      1494        5.891200
      1495        3.452501
      1496        4.715587
      1497        4.594271
      1498        4.653488
      1499        6.585691
      1500        7.179686
      1501        5.466570
      1502        6.469526
      1503        5.624397
      1504        4.710149
      1505        5.355227
      1506        3.933254
      1507        3.773773
      1508        3.694543
      1509        4.232076
      1510        4.003591
      1511        6.074289
      1512        4.761666
      1513        5.248159
      1514        6.453937
      1515        4.258942
      1516        2.917021
      1517        4.032915
      1518        6.281913
      1519        6.997042
      1520        5.708353
      1521        5.567419
      1522        7.720742
      1523        5.322234
      1524        3.644430
      1525        4.744268
      1526        4.704698
      1527        4.895647
      1528        2.529556
      1529        2.852347
      1530        2.787361
      1531        4.633836
      1532        3.088495
      1533        3.076452
      1534        4.675228
      1535        5.866327
      1536        5.687053
      1537        5.661271
      1538        6.464490
      1539        6.058237
      1540        6.763500
      1541        5.646771
      1542        5.161645
      1543        4.672190
      1544        4.371598
      1545        3.785769
      1546        6.586539
      1547        7.544890
      1548        5.213087
      1549        5.970391
      1550        6.470845
      1551        5.612434
      1552        5.551551
      1553        7.846975
      1554        8.029978
      1555        5.666469
      1556        4.711141
      1557        5.644475
      1558        5.170871
      1559        6.600198
      1560        5.330184
      1561        5.765920
      1562        6.934644
      1563        4.559685
      1564        5.162719
      1565        5.199088
      1566        4.114794
      1567        4.721522
      1568        3.887649
      1569        2.404050
      1570        4.238364
      1571        4.870120
      1572        4.088769
      1573        4.759823
      1574        6.147332
      1575        5.825925
      1576        6.513465
      1577        5.738222
      1578        6.091262
      1579        3.881003
      1580        3.656660
      1581        6.533223
      1582        6.250587
      1583        7.380302
      1584        6.176583
      1585        4.968567
      1586        5.479400
      1587        5.478840
      1588        4.666050
      1589        8.322300
      1590        5.450370
      1591        4.952950
      1592        6.725371
      1593        5.963024
      1594        5.133760
      1595        6.562070
      1596        7.949528
      1597        6.606173
      1598        7.367070
      1599        5.175941
      1600        6.952631
      1601        6.378518
      1602        6.731852
      1603        7.268075
      1604        4.702266
      1605        3.846856
      1606        4.246073
      1607        5.588122
      1608        5.060568
      1609        4.581913
      1610        6.549540
      1611        6.156634
      1612        5.776531
      1613        4.762449
      1614        6.833591
      1615        8.071188
      1616        6.749281
      1617        5.249438
      1618        4.942723
      1619        6.456440
      1620        5.500286
      1621        7.992996
      1622        6.642355
      1623        6.926850
      1624        4.979775
      1625        6.206302
      1626        5.248490
      1627        6.761604
      1628        5.740095
      1629        5.348785
      1630        7.003199
      1631        6.129793
      1632        5.283390
      1633        7.295588
      1634        5.536441
      1635        6.725832
      1636        6.047621
      1637        5.404289
      1638        4.780779
      1639        5.849874
      1640        5.883971
      1641        5.029409
      1642        7.053419
      1643        6.130655
      1644        6.775364
      1645        7.301743
      1646        5.936529
      1647        6.254293
      1648        7.785936
      1649        7.811523
      1650        7.754187
      1651        6.736254
      1652        7.099609
      1653        4.141098
      1654        5.558458
      1655        6.354593
      1656        6.841669
      1657        7.902522
      1658        7.401525
      1659        6.886432
      1660        3.543172
      1661        4.312233
      1662        4.515855
      1663        6.264084
      1664        7.534220
      1665        6.771707
      1666        7.439893
      1667        8.195152
      1668        6.853805
      1669        8.293725
      1670        8.140360
      1671        7.382317
      1672        5.983734
      1673        5.514859
      1674        5.477582
      1675        7.712252
      1676        6.797743
      1677        6.755604
      1678        7.904282
      1679        5.235264
      1680        7.492542
      1681        5.559360
      1682        7.350172
      1683        6.940973
      1684        6.183288
      1685        5.346910
      1686        3.993858
      1687        5.891901
      1688        6.024953
      1689        5.088392
      1690        3.777871
      1691        4.421394
      1692        4.398769
      1693        6.245144
      1694        5.080562
      1695        4.442028
      1696        4.242025
      1697        6.086446
      1698        5.508212
      1699        5.894456
      1700        7.971901
      1701        5.873133
      1702        7.320496
      1703        6.371780
      1704        6.495957
      1705        6.302562
      1706        8.702466
      1707        6.829112
      1708        6.979063
      1709        7.028621
      1710        7.433818
      1711        5.734409
      1712        4.588586
      1713        2.803088
      1714        4.723005
      1715        5.189452
      1716        2.678077
      1717        3.406634
      1718        3.030745
      1719        5.162971
      1720        4.629455
      1721        4.372979
      1722        5.380182
      1723        4.051480
      1724        4.853011
      1725        5.125067
      1726        3.230106
      1727        6.312422
      1728        5.503346
      1729        3.876005
      1730        5.237675
      1731        4.454144
      1732        3.641334
      1733        6.001665
      1734        6.226666
      1735        4.704586
      1736        4.896332
      1737        6.454454
      1738        5.440125
      1739        7.577935
      1740        7.152544
      1741        8.019485
      1742        7.172687
      1743        7.379528
      1744        6.689660
      1745        7.942174
      1746        8.121144
      1747        6.847398
      1748        7.319418
      1749        4.994337
      1750        5.134302
      1751        5.188773
      1752        8.331557
      1753        7.207092
      1754        6.268915
      1755        8.426611
      1756        7.276234
      1757        7.796357
      1758        7.608799
      1759        6.059807
      1760        6.742920
      1761        7.444572
      1762        7.934988
      1763        6.080275
      1764        5.957430
      1765        6.118064
      1766        6.254395
      1767        7.055532
      1768        6.681034
      1769        5.562060
      1770        5.365445
      1771        5.473990
      1772        4.506867
      1773        5.279303
      1774        4.193336
      1775        5.313041
      1776        6.131093
      1777        7.568252
      1778        4.118283
      1779        4.794391
      1780        5.233784
      1781        5.057455
      1782        5.236328
      1783        5.245913
      1784        6.197987
      1785        6.096332
      1786        4.550493
      1787        4.718349
      1788        5.462224
      1789        4.104905
      1790        5.708896
      1791        6.584887
      1792        4.664529
      1793        5.036166
      1794        7.124750
      1795        6.381159
      1796        6.250910
      1797        7.139125
      1798        5.692945
      1799        6.375314
      1800        7.136792
      1801        4.642430
      1802        7.736147
      1803        6.552046
      1804        7.612088
      1805        6.087754
      1806        5.556773
      1807        7.131091
      1808        4.631729
      1809        6.039631
      1810        4.232857
      1811        6.838630
      1812        5.779189
      1813        7.559899
      1814        5.863887
      1815        5.710664
      1816        7.514008
      1817        8.392230
      1818        7.831747
      1819        7.213053
      1820        5.708797
      1821        5.691401
      1822        4.639451
      1823        7.065568
      1824        7.113179
      1825        6.577748
      1826        6.340817
      1827        6.583925
      1828        6.329748
      1829        6.419151
      1830        7.364321
      1831        6.270239
      1832        7.266513
      1833        8.095898
      1834        7.561052
      1835        7.380287
      1836        7.368391
      1837        7.224369
      1838        7.740103
      1839        7.587370
      1840        6.424362
      1841        5.825171
      1842        7.591276
      1843        6.539248
      1844        5.713348
      1845        7.492005
      1846        8.274629
      1847        8.116516
      1848        8.118739
      1849        6.932001
      1850        6.024446
      1851        6.531474
      1852        8.042498
      1853        8.386071
      1854        7.852722
      1855        6.079088
      1856        8.133684
      1857        5.351566
      1858        6.438649
      1859        5.485369
      1860        6.519020
      1861        7.200152
      1862        6.555328
      1863        6.025629
      1864        6.581112
      1865        8.604032
      1866        8.198803
      1867        7.794910
      1868        7.720938
      1869        7.204154
      1870        8.090619
      1871        7.911049
      1872        5.413771
      1873        7.388088
      1874        6.184260
      1875        5.623594
      1876        5.437119
      1877        3.927842
      1878        3.752890
      1879        5.656600
      1880        5.765780
      1881        6.598782
      1882        7.919367
      1883        8.692752
      1884        4.980444
      1885        6.581638
      1886        7.018448
      1887        5.289047
      1888        7.378522
      1889        6.401068
      1890        5.821464
      1891        7.364481
      1892        6.961194
      1893        8.273959
      1894        6.303533
      1895        4.616107
      1896        3.029852
      1897        4.836076
      1898        3.735380
      1899        5.955366
      1900        6.299902
      1901        3.844525
      1902        7.508240
      1903        6.566645
      1904        5.769039
      1905        4.895222
      1906        4.630623
      1907        7.515133
      1908        6.505161
      1909        6.524036
      1910        5.449054
      1911        5.513302
      1912        4.046846
      1913        4.483458
      1914        4.038278
      1915        4.348130
      1916        4.195724
      1917        5.296295
      1918        5.118042
      1919        3.785842
      1920        4.975714
      1921        4.345374
      1922        3.854359
      1923        5.318227
      1924        5.278188
      1925        4.771309
      1926        4.558143
      1927        4.755249
      1928        5.944355
      1929        6.154857
      1930        6.651365
      1931        5.348644
      1932        5.497762
      1933        5.208408
      1934        6.540083
      1935        7.679081
      1936        6.856115
      1937        6.155849
      1938        6.787071
      1939        3.967650
      1940        6.611193
      1941        5.948368
      1942        5.894141
      1943        5.887211
      1944        5.770708
      1945        6.151348
      1946        7.219028
      1947        8.004407
      1948        7.250835
      1949        6.267154
      1950        7.552049
      1951        6.320358
      1952        6.549616
      1953        5.432121
      1954        6.545728
      1955        6.303373
      1956        7.099969
      1957        5.779996
      1958        5.054983
      1959        5.346236
      1960        7.028521
      1961        9.005766
      1962        9.640000
      1963        7.777915
      1964        8.407973
      1965        8.605325
      1966       10.023889
      1967        8.156790
      1968        8.265454
      1969        6.324708
      1970        5.385143
      1971        6.161185
      1972        6.598817
      1973        5.501310
      1974        5.934319
      1975        7.663309
      1976        8.062975
      1977        8.756537
      1978        7.509252
      1979        7.736151
      1980        7.988788
      1981        6.135937
      1982        8.474283
      1983        7.680849
      1984        8.123720
      1985        6.012856
      1986        5.918076
      1987        5.613253
      1988        6.733694
      1989        4.740617
      1990        5.068634
      1991        4.744555
      1992        3.695208
      1993        4.993526
      1994        4.824904
      1995        5.674140
      1996        4.113645
      1997        5.433136
      1998        4.245107
      1999        4.617409
      2000        2.648361
